67
80
55
68
64
73
64
62
59
73
69
35
63
94
90
48
36
49
83
43
49
46
48
86
47
43
70
64
88
52
73
81
79
55
59
30
74
56
24
85
77
51
49
40
47
56
27
42
61
67
80
55
68
64
73
64
62
59
73
69
35
63
94
90
48
36
49
83
43
49
46
48
86
47
43
70
64
88
52
73
81
79
55
59
30
74
56
24
85
77
51
49
40
47
56
27
42
61
67
80
55
68
64
73
64
62
59
73
69
35
63
94
90
48
36
49
83
43
49
46
48
86
47
43
70
64
88
52
73
81
79
55
59
30
74
56
24
85
77
51
49
40
47
56
27
42
61
67
80
55
68
64
73
64
62
59
73
69
35
63
94
90
48
36
49
83
43
49
46
48
86
47
43
70
64
88
52
73
81
79
55
59
30
74
56
24
85
77
51
49
40
47
56
27
42
61
92
72
79
88
69
64
96
84
74
69
74
58
74
85
44
48
42
65
66
76
57
45
61
53
52
43
66
50
48
33
59
32
49
56
29
51
54
63
28
52
48
71
40
88
88
92
72
79
88
69
64
96
84
74
69
74
58
74
85
44
48
42
65
66
76
57
45
61
53
52
43
66
50
48
33
59
32
49
56
29
51
54
63
28
52
48
71
40
88
88
92
72
79
88
69
64
96
84
74
69
74
58
74
85
44
48
42
65
66
76
57
45
61
53
52
43
66
50
48
33
59
32
49
56
29
51
54
63
28
52
48
71
40
88
88
92
72
79
88
69
64
96
84
74
69
74
58
74
85
44
48
42
65
66
76
57
45
61
53
52
43
66
50
48
33
59
32
49
56
29
51
54
63
28
52
48
71
40
88
88
87
75
85
79
73
54
63
68
80
60
72
73
49
59
57
33
51
78
65
60
56
77
33
72
81
56
52
35
62
83
85
48
75
68
73
78
72
24
45
65
61
39
80
30
85
62
51
42
87
75
85
79
73
54
63
68
80
60
72
73
49
59
57
33
51
78
65
60
56
77
33
72
81
56
52
35
62
83
85
48
75
68
73
78
72
24
45
65
61
39
80
30
85
62
51
42
87
75
85
79
73
54
63
68
80
60
72
73
49
59
57
33
51
78
65
60
56
77
33
72
81
56
52
35
62
83
85
48
75
68
73
78
72
24
45
65
61
39
80
30
85
62
51
42
87
75
85
79
73
54
63
68
80
60
72
73
49
59
57
33
51
78
65
60
56
77
33
72
81
56
52
35
62
83
85
48
75
68
73
78
72
24
45
65
61
39
80
30
85
62
51
42
94
63
69
90
62
77
68
47
55
84
58
89
55
66
46
68
82
42
54
38
38
64
64
70
54
45
42
52
81
43
30
56
38
51
73
68
45
60
49
82
74
70
38
43
56
70
61
48
94
63
69
90
62
77
68
47
55
84
58
89
55
66
46
68
82
42
54
38
38
64
64
70
54
45
42
52
81
43
30
56
38
51
73
68
45
60
49
82
74
70
38
43
56
70
61
48
94
63
69
90
62
77
68
47
55
84
58
89
55
66
46
68
82
42
54
38
38
64
64
70
54
45
42
52
81
43
30
56
38
51
73
68
45
60
49
82
74
70
38
43
56
70
61
48
94
63
69
90
62
77
68
47
55
84
58
89
55
66
46
68
82
42
54
38
38
64
64
70
54
45
42
52
81
43
30
56
38
51
73
68
45
60
49
82
74
70
38
43
56
70
61
48
89
83
90
86
82
83
53
76
59
56
30
73
66
75
47
55
46
71
58
61
79
66
77
80
82
63
47
48
72
39
41
35
44
90
59
55
47
38
67
65
47
67
64
62
45
35
29
46
89
83
90
86
82
83
53
76
59
56
30
73
66
75
47
55
46
71
58
61
79
66
77
80
82
63
47
48
72
39
41
35
44
90
59
55
47
38
67
65
47
67
64
62
45
35
29
46
89
83
90
86
82
83
53
76
59
56
30
73
66
75
47
55
46
71
58
61
79
66
77
80
82
63
47
48
72
39
41
35
44
90
59
55
47
38
67
65
47
67
64
62
45
35
29
46
89
83
90
86
82
83
53
76
59
56
30
73
66
75
47
55
46
71
58
61
79
66
77
80
82
63
47
48
72
39
41
35
44
90
59
55
47
38
67
65
47
67
64
62
45
35
29
46
70
62
74
68
81
55
72
73
73
81
75
57
64
87
40
50
50
58
62
74
63
82
83
72
40
81
72
71
74
72
71
56
63
69
58
55
48
58
53
55
70
62
74
68
81
55
72
73
73
81
75
57
64
87
40
50
50
58
62
74
63
82
83
72
40
81
72
71
74
72
71
56
63
69
58
55
48
58
53
55
70
62
74
68
81
55
72
73
73
81
75
57
64
87
40
50
50
58
62
74
63
82
83
72
40
81
72
71
74
72
71
56
63
69
58
55
48
58
53
55
70
62
74
68
81
55
72
73
73
81
75
57
64
87
40
50
50
58
62
74
63
82
83
72
40
81
72
71
74
72
71
56
63
69
58
55
48
58
53
55
85
66
52
53
98
80
64
58
84
64
80
46
89
62
73
89
68
76
66
48
45
53
59
68
69
72
58
52
45
56
57
51
67
31
63
36
48
74
77
66
67
52
89
45
66
85
66
52
53
98
80
64
58
84
64
80
46
89
62
73
89
68
76
66
48
45
53
59
68
69
72
58
52
45
56
57
51
67
31
63
36
48
74
77
66
67
52
89
45
66
85
66
52
53
98
80
64
58
84
64
80
46
89
62
73
89
68
76
66
48
45
53
59
68
69
72
58
52
45
56
57
51
67
31
63
36
48
74
77
66
67
52
89
45
66
85
66
52
53
98
80
64
58
84
64
80
46
89
62
73
89
68
76
66
48
45
53
59
68
69
72
58
52
45
56
57
51
67
31
63
36
48
74
77
66
67
52
89
45
66
91
65
96
85
61
50
73
76
93
71
59
81
81
78
76
69
85
83
62
53
80
76
58
58
78
64
66
45
85
72
64
42
82
35
68
62
48
39
68
41
67
51
77
75
91
65
96
85
61
50
73
76
93
71
59
81
81
78
76
69
85
83
62
53
80
76
58
58
78
64
66
45
85
72
64
42
82
35
68
62
48
39
68
41
67
51
77
75
91
65
96
85
61
50
73
76
93
71
59
81
81
78
76
69
85
83
62
53
80
76
58
58
78
64
66
45
85
72
64
42
82
35
68
62
48
39
68
41
67
51
77
75
91
65
96
85
61
50
73
76
93
71
59
81
81
78
76
69
85
83
62
53
80
76
58
58
78
64
66
45
85
72
64
42
82
35
68
62
48
39
68
41
67
51
77
75
84
95
79
84
72
70
51
49
61
56
65
95
74
58
67
71
64
64
46
64
63
80
35
36
51
67
78
70
63
53
58
48
56
61
46
51
57
59
82
61
54
43
69
34
62
54
84
95
79
84
72
70
51
49
61
56
65
95
74
58
67
71
64
64
46
64
63
80
35
36
51
67
78
70
63
53
58
48
56
61
46
51
57
59
82
61
54
43
69
34
62
54
84
95
79
84
72
70
51
49
61
56
65
95
74
58
67
71
64
64
46
64
63
80
35
36
51
67
78
70
63
53
58
48
56
61
46
51
57
59
82
61
54
43
69
34
62
54
84
95
79
84
72
70
51
49
61
56
65
95
74
58
67
71
64
64
46
64
63
80
35
36
51
67
78
70
63
53
58
48
56
61
46
51
57
59
82
61
54
43
69
34
62
54
69
83
88
73
81
57
82
73
56
76
78
40
35
49
49
67
67
83
48
53
70
48
34
44
46
50
64
41
63
76
66
28
32
83
80
70
80
42
83
55
48
42
45
47
69
83
88
73
81
57
82
73
56
76
78
40
35
49
49
67
67
83
48
53
70
48
34
44
46
50
64
41
63
76
66
28
32
83
80
70
80
42
83
55
48
42
45
47
69
83
88
73
81
57
82
73
56
76
78
40
35
49
49
67
67
83
48
53
70
48
34
44
46
50
64
41
63
76
66
28
32
83
80
70
80
42
83
55
48
42
45
47
69
83
88
73
81
57
82
73
56
76
78
40
35
49
49
67
67
83
48
53
70
48
34
44
46
50
64
41
63
76
66
28
32
83
80
70
80
42
83
55
48
42
45
47
74
63
92
57
79
75
88
95
66
72
65
71
53
69
72
74
82
79
45
51
49
80
65
53
60
52
50
39
53
47
64
30
63
58
37
51
60
69
58
81
52
55
46
47
65
65
74
63
92
57
79
75
88
95
66
72
65
71
53
69
72
74
82
79
45
51
49
80
65
53
60
52
50
39
53
47
64
30
63
58
37
51
60
69
58
81
52
55
46
47
65
65
74
63
92
57
79
75
88
95
66
72
65
71
53
69
72
74
82
79
45
51
49
80
65
53
60
52
50
39
53
47
64
30
63
58
37
51
60
69
58
81
52
55
46
47
65
65
74
63
92
57
79
75
88
95
66
72
65
71
53
69
72
74
82
79
45
51
49
80
65
53
60
52
50
39
53
47
64
30
63
58
37
51
60
69
58
81
52
55
46
47
65
65
85
57
57
66
65
78
59
68
74
45
68
44
73
71
62
57
48
71
81
42
72
53
87
66
63
72
72
83
56
70
75
39
67
56
60
64
75
57
84
89
33
36
45
33
95
85
57
57
66
65
78
59
68
74
45
68
44
73
71
62
57
48
71
81
42
72
53
87
66
63
72
72
83
56
70
75
39
67
56
60
64
75
57
84
89
33
36
45
33
95
85
57
57
66
65
78
59
68
74
45
68
44
73
71
62
57
48
71
81
42
72
53
87
66
63
72
72
83
56
70
75
39
67
56
60
64
75
57
84
89
33
36
45
33
95
85
57
57
66
65
78
59
68
74
45
68
44
73
71
62
57
48
71
81
42
72
53
87
66
63
72
72
83
56
70
75
39
67
56
60
64
75
57
84
89
33
36
45
33
95
78
81
69
68
58
81
81
79
86
62
64
66
84
69
67
72
69
55
58
76
84
63
50
51
45
61
77
58
66
57
95
51
60
55
68
86
66
43
69
41
52
68
58
47
53
52
49
73
49
78
81
69
68
58
81
81
79
86
62
64
66
84
69
67
72
69
55
58
76
84
63
50
51
45
61
77
58
66
57
95
51
60
55
68
86
66
43
69
41
52
68
58
47
53
52
49
73
49
78
81
69
68
58
81
81
79
86
62
64
66
84
69
67
72
69
55
58
76
84
63
50
51
45
61
77
58
66
57
95
51
60
55
68
86
66
43
69
41
52
68
58
47
53
52
49
73
49
78
81
69
68
58
81
81
79
86
62
64
66
84
69
67
72
69
55
58
76
84
63
50
51
45
61
77
58
66
57
95
51
60
55
68
86
66
43
69
41
52
68
58
47
53
52
49
73
49
75
96
62
55
96
76
63
66
70
50
54
75
90
54
55
65
72
90
68
80
74
61
82
61
44
67
62
61
65
84
55
54
30
60
81
41
41
66
49
51
37
60
40
75
96
62
55
96
76
63
66
70
50
54
75
90
54
55
65
72
90
68
80
74
61
82
61
44
67
62
61
65
84
55
54
30
60
81
41
41
66
49
51
37
60
40
75
96
62
55
96
76
63
66
70
50
54
75
90
54
55
65
72
90
68
80
74
61
82
61
44
67
62
61
65
84
55
54
30
60
81
41
41
66
49
51
37
60
40
75
96
62
55
96
76
63
66
70
50
54
75
90
54
55
65
72
90
68
80
74
61
82
61
44
67
62
61
65
84
55
54
30
60
81
41
41
66
49
51
37
60
40
74
76
79
70
88
88
73
75
71
60
87
68
59
78
76
61
72
48
64
57
53
64
79
74
72
62
71
56
69
100
57
83
52
76
32
68
48
69
56
68
42
52
83
31
86
74
76
79
70
88
88
73
75
71
60
87
68
59
78
76
61
72
48
64
57
53
64
79
74
72
62
71
56
69
100
57
83
52
76
32
68
48
69
56
68
42
52
83
31
86
74
76
79
70
88
88
73
75
71
60
87
68
59
78
76
61
72
48
64
57
53
64
79
74
72
62
71
56
69
100
57
83
52
76
32
68
48
69
56
68
42
52
83
31
86
74
76
79
70
88
88
73
75
71
60
87
68
59
78
76
61
72
48
64
57
53
64
79
74
72
62
71
56
69
100
57
83
52
76
32
68
48
69
56
68
42
52
83
31
86
90
80
80
66
76
94
59
64
68
93
60
82
86
81
67
75
46
81
65
56
38
82
41
75
43
51
82
56
42
57
43
56
83
64
48
72
40
60
68
66
67
55
51
82
27
90
80
80
66
76
94
59
64
68
93
60
82
86
81
67
75
46
81
65
56
38
82
41
75
43
51
82
56
42
57
43
56
83
64
48
72
40
60
68
66
67
55
51
82
27
90
80
80
66
76
94
59
64
68
93
60
82
86
81
67
75
46
81
65
56
38
82
41
75
43
51
82
56
42
57
43
56
83
64
48
72
40
60
68
66
67
55
51
82
27
90
80
80
66
76
94
59
64
68
93
60
82
86
81
67
75
46
81
65
56
38
82
41
75
43
51
82
56
42
57
43
56
83
64
48
72
40
60
68
66
67
55
51
82
27
65
75
44
40
72
81
65
94
71
78
62
66
52
41
76
70
99
81
51
77
46
96
32
77
67
74
68
65
71
69
58
51
60
88
74
79
72
36
54
61
57
66
49
48
32
72
65
75
44
40
72
81
65
94
71
78
62
66
52
41
76
70
99
81
51
77
46
96
32
77
67
74
68
65
71
69
58
51
60
88
74
79
72
36
54
61
57
66
49
48
32
72
65
75
44
40
72
81
65
94
71
78
62
66
52
41
76
70
99
81
51
77
46
96
32
77
67
74
68
65
71
69
58
51
60
88
74
79
72
36
54
61
57
66
49
48
32
72
65
75
44
40
72
81
65
94
71
78
62
66
52
41
76
70
99
81
51
77
46
96
32
77
67
74
68
65
71
69
58
51
60
88
74
79
72
36
54
61
57
66
49
48
32
72
77
74
67
84
76
94
73
85
69
81
86
88
45
81
87
75
58
65
44
62
39
65
94
48
82
52
93
54
56
73
52
41
75
47
77
63
34
75
29
51
37
65
77
74
67
84
76
94
73
85
69
81
86
88
45
81
87
75
58
65
44
62
39
65
94
48
82
52
93
54
56
73
52
41
75
47
77
63
34
75
29
51
37
65
77
74
67
84
76
94
73
85
69
81
86
88
45
81
87
75
58
65
44
62
39
65
94
48
82
52
93
54
56
73
52
41
75
47
77
63
34
75
29
51
37
65
77
74
67
84
76
94
73
85
69
81
86
88
45
81
87
75
58
65
44
62
39
65
94
48
82
52
93
54
56
73
52
41
75
47
77
63
34
75
29
51
37
65