1331191
1117973
777181
761523
568093
519562
485268
385045
312979
309663
283532
259459
253403
251848
251198
231240
228595
224665
222385
221864
221367
210988
196875
194986
190703
186477
178872
177007
176212
175591
173428
168334
167448
157335
155604
133999
125954
123442
123204
122828
118697
117393
116125
112397
109627
106634
106139
103253
101628
1331191
1117973
777181
761523
568093
519562
485268
385045
312979
309663
283532
259459
253403
251848
251198
231240
228595
224665
222385
221864
221367
210988
196875
194986
190703
186477
178872
177007
176212
175591
173428
168334
167448
157335
155604
133999
125954
123442
123204
122828
118697
117393
116125
112397
109627
106634
106139
103253
101628
1331191
1117973
777181
761523
568093
519562
485268
385045
312979
309663
283532
259459
253403
251848
251198
231240
228595
224665
222385
221864
221367
210988
196875
194986
190703
186477
178872
177007
176212
175591
173428
168334
167448
157335
155604
133999
125954
123442
123204
122828
118697
117393
116125
112397
109627
106634
106139
103253
101628
1331191
1117973
777181
761523
568093
519562
485268
385045
312979
309663
283532
259459
253403
251848
251198
231240
228595
224665
222385
221864
221367
210988
196875
194986
190703
186477
178872
177007
176212
175591
173428
168334
167448
157335
155604
133999
125954
123442
123204
122828
118697
117393
116125
112397
109627
106634
106139
103253
101628
1647136
842354
809059
736482
699701
648599
643699
609725
512918
387359
362424
345667
335233
319189
310127
299437
294580
289136
265578
265105
253352
247740
245196
242209
239509
238965
223510
209621
198813
197103
184160
175665
174564
170669
149017
148026
146248
144352
142374
127492
126494
120658
119023
115264
112689
1647136
842354
809059
736482
699701
648599
643699
609725
512918
387359
362424
345667
335233
319189
310127
299437
294580
289136
265578
265105
253352
247740
245196
242209
239509
238965
223510
209621
198813
197103
184160
175665
174564
170669
149017
148026
146248
144352
142374
127492
126494
120658
119023
115264
112689
1647136
842354
809059
736482
699701
648599
643699
609725
512918
387359
362424
345667
335233
319189
310127
299437
294580
289136
265578
265105
253352
247740
245196
242209
239509
238965
223510
209621
198813
197103
184160
175665
174564
170669
149017
148026
146248
144352
142374
127492
126494
120658
119023
115264
112689
1647136
842354
809059
736482
699701
648599
643699
609725
512918
387359
362424
345667
335233
319189
310127
299437
294580
289136
265578
265105
253352
247740
245196
242209
239509
238965
223510
209621
198813
197103
184160
175665
174564
170669
149017
148026
146248
144352
142374
127492
126494
120658
119023
115264
112689
1474109
820820
723040
695311
684091
636953
549111
505909
505528
438892
403001
374942
341730
335377
319829
310524
283703
273620
257297
251219
249967
248307
246443
245352
214874
204106
198915
198524
194786
177430
173465
172652
171611
169174
167188
146784
139422
135718
129912
129541
128406
125937
123817
123022
122046
119278
119210
118086
1474109
820820
723040
695311
684091
636953
549111
505909
505528
438892
403001
374942
341730
335377
319829
310524
283703
273620
257297
251219
249967
248307
246443
245352
214874
204106
198915
198524
194786
177430
173465
172652
171611
169174
167188
146784
139422
135718
129912
129541
128406
125937
123817
123022
122046
119278
119210
118086
1474109
820820
723040
695311
684091
636953
549111
505909
505528
438892
403001
374942
341730
335377
319829
310524
283703
273620
257297
251219
249967
248307
246443
245352
214874
204106
198915
198524
194786
177430
173465
172652
171611
169174
167188
146784
139422
135718
129912
129541
128406
125937
123817
123022
122046
119278
119210
118086
1474109
820820
723040
695311
684091
636953
549111
505909
505528
438892
403001
374942
341730
335377
319829
310524
283703
273620
257297
251219
249967
248307
246443
245352
214874
204106
198915
198524
194786
177430
173465
172652
171611
169174
167188
146784
139422
135718
129912
129541
128406
125937
123817
123022
122046
119278
119210
118086
1630544
1010863
993508
942836
512694
511151
509448
445339
429095
416865
413393
411731
397854
375775
369788
340988
266828
251975
250770
249728
230444
226021
225682
223545
214477
209565
205899
202335
200928
193752
167428
153165
151567
147687
139329
137354
137234
137119
136951
136267
135476
134565
129707
129543
128912
124506
123252
120564
1630544
1010863
993508
942836
512694
511151
509448
445339
429095
416865
413393
411731
397854
375775
369788
340988
266828
251975
250770
249728
230444
226021
225682
223545
214477
209565
205899
202335
200928
193752
167428
153165
151567
147687
139329
137354
137234
137119
136951
136267
135476
134565
129707
129543
128912
124506
123252
120564
1630544
1010863
993508
942836
512694
511151
509448
445339
429095
416865
413393
411731
397854
375775
369788
340988
266828
251975
250770
249728
230444
226021
225682
223545
214477
209565
205899
202335
200928
193752
167428
153165
151567
147687
139329
137354
137234
137119
136951
136267
135476
134565
129707
129543
128912
124506
123252
120564
1630544
1010863
993508
942836
512694
511151
509448
445339
429095
416865
413393
411731
397854
375775
369788
340988
266828
251975
250770
249728
230444
226021
225682
223545
214477
209565
205899
202335
200928
193752
167428
153165
151567
147687
139329
137354
137234
137119
136951
136267
135476
134565
129707
129543
128912
124506
123252
120564
905695
679254
652467
632105
546646
540595
516722
509436
496555
486168
449309
432620
418147
416904
413113
403494
377262
358019
357054
356189
332798
332105
332017
329541
329426
328806
327703
325217
305199
302680
251662
243319
241841
234056
233182
228196
214233
213843
206211
202329
200848
198027
197162
195372
194123
185412
183876
181632
905695
679254
652467
632105
546646
540595
516722
509436
496555
486168
449309
432620
418147
416904
413113
403494
377262
358019
357054
356189
332798
332105
332017
329541
329426
328806
327703
325217
305199
302680
251662
243319
241841
234056
233182
228196
214233
213843
206211
202329
200848
198027
197162
195372
194123
185412
183876
181632
905695
679254
652467
632105
546646
540595
516722
509436
496555
486168
449309
432620
418147
416904
413113
403494
377262
358019
357054
356189
332798
332105
332017
329541
329426
328806
327703
325217
305199
302680
251662
243319
241841
234056
233182
228196
214233
213843
206211
202329
200848
198027
197162
195372
194123
185412
183876
181632
905695
679254
652467
632105
546646
540595
516722
509436
496555
486168
449309
432620
418147
416904
413113
403494
377262
358019
357054
356189
332798
332105
332017
329541
329426
328806
327703
325217
305199
302680
251662
243319
241841
234056
233182
228196
214233
213843
206211
202329
200848
198027
197162
195372
194123
185412
183876
181632
1299230
1026446
737001
706196
543067
447631
425354
413903
393562
388629
364470
364225
331289
321186
310441
304969
299445
294414
292892
282328
265798
255354
243828
232788
231886
222913
213892
212422
211370
205339
200496
190590
186009
175296
174763
168988
161557
153170
151702
141175
1299230
1026446
737001
706196
543067
447631
425354
413903
393562
388629
364470
364225
331289
321186
310441
304969
299445
294414
292892
282328
265798
255354
243828
232788
231886
222913
213892
212422
211370
205339
200496
190590
186009
175296
174763
168988
161557
153170
151702
141175
1299230
1026446
737001
706196
543067
447631
425354
413903
393562
388629
364470
364225
331289
321186
310441
304969
299445
294414
292892
282328
265798
255354
243828
232788
231886
222913
213892
212422
211370
205339
200496
190590
186009
175296
174763
168988
161557
153170
151702
141175
1299230
1026446
737001
706196
543067
447631
425354
413903
393562
388629
364470
364225
331289
321186
310441
304969
299445
294414
292892
282328
265798
255354
243828
232788
231886
222913
213892
212422
211370
205339
200496
190590
186009
175296
174763
168988
161557
153170
151702
141175
1180174
1179850
729624
651826
615249
578951
496236
480460
462911
445272
437540
398396
375191
368714
365224
356068
353526
335931
328685
312238
304337
298714
291872
289692
288186
270145
255077
247024
240369
233722
233395
227348
218182
213236
203249
189137
177555
174608
168994
166871
158825
158008
153491
145115
144464
1180174
1179850
729624
651826
615249
578951
496236
480460
462911
445272
437540
398396
375191
368714
365224
356068
353526
335931
328685
312238
304337
298714
291872
289692
288186
270145
255077
247024
240369
233722
233395
227348
218182
213236
203249
189137
177555
174608
168994
166871
158825
158008
153491
145115
144464
1180174
1179850
729624
651826
615249
578951
496236
480460
462911
445272
437540
398396
375191
368714
365224
356068
353526
335931
328685
312238
304337
298714
291872
289692
288186
270145
255077
247024
240369
233722
233395
227348
218182
213236
203249
189137
177555
174608
168994
166871
158825
158008
153491
145115
144464
1180174
1179850
729624
651826
615249
578951
496236
480460
462911
445272
437540
398396
375191
368714
365224
356068
353526
335931
328685
312238
304337
298714
291872
289692
288186
270145
255077
247024
240369
233722
233395
227348
218182
213236
203249
189137
177555
174608
168994
166871
158825
158008
153491
145115
144464
849102
682758
635867
602580
593959
592287
568607
517764
512935
505929
496549
489515
460908
460022
389736
387809
349345
342691
319613
309014
307820
287423
279854
278782
257708
254521
253479
249855
249344
248910
232261
229554
226631
222498
219960
219945
217637
199470
186318
182729
179386
178539
177529
175944
849102
682758
635867
602580
593959
592287
568607
517764
512935
505929
496549
489515
460908
460022
389736
387809
349345
342691
319613
309014
307820
287423
279854
278782
257708
254521
253479
249855
249344
248910
232261
229554
226631
222498
219960
219945
217637
199470
186318
182729
179386
178539
177529
175944
849102
682758
635867
602580
593959
592287
568607
517764
512935
505929
496549
489515
460908
460022
389736
387809
349345
342691
319613
309014
307820
287423
279854
278782
257708
254521
253479
249855
249344
248910
232261
229554
226631
222498
219960
219945
217637
199470
186318
182729
179386
178539
177529
175944
849102
682758
635867
602580
593959
592287
568607
517764
512935
505929
496549
489515
460908
460022
389736
387809
349345
342691
319613
309014
307820
287423
279854
278782
257708
254521
253479
249855
249344
248910
232261
229554
226631
222498
219960
219945
217637
199470
186318
182729
179386
178539
177529
175944
2285007
991661
933186
794861
716586
584864
562774
442555
431299
424665
422978
419244
416654
403463
388524
375872
371419
358615
333904
314742
308193
288507
285555
285451
266704
262851
254660
241429
237964
234766
229512
228370
227513
219373
217266
214337
212509
210436
204929
203988
203183
197119
195638
195028
193222
190038
2285007
991661
933186
794861
716586
584864
562774
442555
431299
424665
422978
419244
416654
403463
388524
375872
371419
358615
333904
314742
308193
288507
285555
285451
266704
262851
254660
241429
237964
234766
229512
228370
227513
219373
217266
214337
212509
210436
204929
203988
203183
197119
195638
195028
193222
190038
2285007
991661
933186
794861
716586
584864
562774
442555
431299
424665
422978
419244
416654
403463
388524
375872
371419
358615
333904
314742
308193
288507
285555
285451
266704
262851
254660
241429
237964
234766
229512
228370
227513
219373
217266
214337
212509
210436
204929
203988
203183
197119
195638
195028
193222
190038
2285007
991661
933186
794861
716586
584864
562774
442555
431299
424665
422978
419244
416654
403463
388524
375872
371419
358615
333904
314742
308193
288507
285555
285451
266704
262851
254660
241429
237964
234766
229512
228370
227513
219373
217266
214337
212509
210436
204929
203988
203183
197119
195638
195028
193222
190038
1255780
1113436
927644
714035
635988
580209
575558
517509
498315
469929
469537
465010
382513
351416
342418
340897
333633
317297
293848
291006
281068
271772
270104
264574
261246
222481
222431
219680
215080
208115
203668
203588
198462
197199
196380
193257
191600
189968
187347
185229
178429
176252
168451
161521
1255780
1113436
927644
714035
635988
580209
575558
517509
498315
469929
469537
465010
382513
351416
342418
340897
333633
317297
293848
291006
281068
271772
270104
264574
261246
222481
222431
219680
215080
208115
203668
203588
198462
197199
196380
193257
191600
189968
187347
185229
178429
176252
168451
161521
1255780
1113436
927644
714035
635988
580209
575558
517509
498315
469929
469537
465010
382513
351416
342418
340897
333633
317297
293848
291006
281068
271772
270104
264574
261246
222481
222431
219680
215080
208115
203668
203588
198462
197199
196380
193257
191600
189968
187347
185229
178429
176252
168451
161521
1255780
1113436
927644
714035
635988
580209
575558
517509
498315
469929
469537
465010
382513
351416
342418
340897
333633
317297
293848
291006
281068
271772
270104
264574
261246
222481
222431
219680
215080
208115
203668
203588
198462
197199
196380
193257
191600
189968
187347
185229
178429
176252
168451
161521
2048536
1119305
751775
717002
695406
661977
635971
620141
522360
497750
473996
402856
382022
376032
357067
350495
346187
338531
324495
322680
312079
309839
294115
291899
287983
277247
270638
269458
252119
244990
241523
227170
226967
226916
223089
210863
189648
183908
183341
183232
181474
179877
179357
176319
169264
164721
2048536
1119305
751775
717002
695406
661977
635971
620141
522360
497750
473996
402856
382022
376032
357067
350495
346187
338531
324495
322680
312079
309839
294115
291899
287983
277247
270638
269458
252119
244990
241523
227170
226967
226916
223089
210863
189648
183908
183341
183232
181474
179877
179357
176319
169264
164721
2048536
1119305
751775
717002
695406
661977
635971
620141
522360
497750
473996
402856
382022
376032
357067
350495
346187
338531
324495
322680
312079
309839
294115
291899
287983
277247
270638
269458
252119
244990
241523
227170
226967
226916
223089
210863
189648
183908
183341
183232
181474
179877
179357
176319
169264
164721
2048536
1119305
751775
717002
695406
661977
635971
620141
522360
497750
473996
402856
382022
376032
357067
350495
346187
338531
324495
322680
312079
309839
294115
291899
287983
277247
270638
269458
252119
244990
241523
227170
226967
226916
223089
210863
189648
183908
183341
183232
181474
179877
179357
176319
169264
164721
757542
751772
741752
734596
642984
567449
524574
494218
482263
478572
469397
461643
455157
433479
425412
420169
418764
418583
385727
383124
374760
368242
366128
350846
338393
337400
314435
303474
297078
279754
266677
265706
251923
246935
243069
239656
234959
234083
231940
229639
229221
226758
222899
220191
218227
757542
751772
741752
734596
642984
567449
524574
494218
482263
478572
469397
461643
455157
433479
425412
420169
418764
418583
385727
383124
374760
368242
366128
350846
338393
337400
314435
303474
297078
279754
266677
265706
251923
246935
243069
239656
234959
234083
231940
229639
229221
226758
222899
220191
218227
757542
751772
741752
734596
642984
567449
524574
494218
482263
478572
469397
461643
455157
433479
425412
420169
418764
418583
385727
383124
374760
368242
366128
350846
338393
337400
314435
303474
297078
279754
266677
265706
251923
246935
243069
239656
234959
234083
231940
229639
229221
226758
222899
220191
218227
757542
751772
741752
734596
642984
567449
524574
494218
482263
478572
469397
461643
455157
433479
425412
420169
418764
418583
385727
383124
374760
368242
366128
350846
338393
337400
314435
303474
297078
279754
266677
265706
251923
246935
243069
239656
234959
234083
231940
229639
229221
226758
222899
220191
218227
1505560
1345201
1254312
840648
753287
658197
627504
577387
569582
567522
566352
556104
532170
508153
459014
377332
370222
343531
333737
324002
316698
307116
306734
291025
288353
283823
277358
276720
275398
272364
270236
253935
249526
246408
244965
243407
239953
239438
239025
235511
230376
226988
226978
222971
220488
205103
202194
199060
190605
1505560
1345201
1254312
840648
753287
658197
627504
577387
569582
567522
566352
556104
532170
508153
459014
377332
370222
343531
333737
324002
316698
307116
306734
291025
288353
283823
277358
276720
275398
272364
270236
253935
249526
246408
244965
243407
239953
239438
239025
235511
230376
226988
226978
222971
220488
205103
202194
199060
190605
1505560
1345201
1254312
840648
753287
658197
627504
577387
569582
567522
566352
556104
532170
508153
459014
377332
370222
343531
333737
324002
316698
307116
306734
291025
288353
283823
277358
276720
275398
272364
270236
253935
249526
246408
244965
243407
239953
239438
239025
235511
230376
226988
226978
222971
220488
205103
202194
199060
190605
1505560
1345201
1254312
840648
753287
658197
627504
577387
569582
567522
566352
556104
532170
508153
459014
377332
370222
343531
333737
324002
316698
307116
306734
291025
288353
283823
277358
276720
275398
272364
270236
253935
249526
246408
244965
243407
239953
239438
239025
235511
230376
226988
226978
222971
220488
205103
202194
199060
190605
1170613
765061
750234
686689
635542
610680
598331
597620
594877
592956
591214
568848
535873
483698
474683
463781
461730
446335
439393
437919
429961
427501
418085
417616
401775
382136
367778
366744
319577
315566
298845
291921
291754
264851
258560
255793
253750
227928
226224
222432
220427
218538
205795
1170613
765061
750234
686689
635542
610680
598331
597620
594877
592956
591214
568848
535873
483698
474683
463781
461730
446335
439393
437919
429961
427501
418085
417616
401775
382136
367778
366744
319577
315566
298845
291921
291754
264851
258560
255793
253750
227928
226224
222432
220427
218538
205795
1170613
765061
750234
686689
635542
610680
598331
597620
594877
592956
591214
568848
535873
483698
474683
463781
461730
446335
439393
437919
429961
427501
418085
417616
401775
382136
367778
366744
319577
315566
298845
291921
291754
264851
258560
255793
253750
227928
226224
222432
220427
218538
205795
1170613
765061
750234
686689
635542
610680
598331
597620
594877
592956
591214
568848
535873
483698
474683
463781
461730
446335
439393
437919
429961
427501
418085
417616
401775
382136
367778
366744
319577
315566
298845
291921
291754
264851
258560
255793
253750
227928
226224
222432
220427
218538
205795
1493430
1036816
851838
730518
709155
701042
679840
656986
596040
587061
576186
533089
470910
470700
460829
443225
436624
423772
422729
414690
414593
411294
410160
407715
400539
373079
343885
342405
342194
334073
331079
322608
305117
303269
297028
285266
279753
250735
249108
242359
216056
215412
208894
200221
195438
1493430
1036816
851838
730518
709155
701042
679840
656986
596040
587061
576186
533089
470910
470700
460829
443225
436624
423772
422729
414690
414593
411294
410160
407715
400539
373079
343885
342405
342194
334073
331079
322608
305117
303269
297028
285266
279753
250735
249108
242359
216056
215412
208894
200221
195438
1493430
1036816
851838
730518
709155
701042
679840
656986
596040
587061
576186
533089
470910
470700
460829
443225
436624
423772
422729
414690
414593
411294
410160
407715
400539
373079
343885
342405
342194
334073
331079
322608
305117
303269
297028
285266
279753
250735
249108
242359
216056
215412
208894
200221
195438
1493430
1036816
851838
730518
709155
701042
679840
656986
596040
587061
576186
533089
470910
470700
460829
443225
436624
423772
422729
414690
414593
411294
410160
407715
400539
373079
343885
342405
342194
334073
331079
322608
305117
303269
297028
285266
279753
250735
249108
242359
216056
215412
208894
200221
195438
874229
855446
754029
734938
698870
606758
576271
564835
511114
416256
382323
368080
366786
358246
357512
339903
296392
285565
284199
271993
258317
245835
228695
228620
220098
218402
216688
216640
216482
216384
211227
210855
197899
195841
183502
178274
178193
171340
167119
162709
159324
157229
153554
153253
151491
874229
855446
754029
734938
698870
606758
576271
564835
511114
416256
382323
368080
366786
358246
357512
339903
296392
285565
284199
271993
258317
245835
228695
228620
220098
218402
216688
216640
216482
216384
211227
210855
197899
195841
183502
178274
178193
171340
167119
162709
159324
157229
153554
153253
151491
874229
855446
754029
734938
698870
606758
576271
564835
511114
416256
382323
368080
366786
358246
357512
339903
296392
285565
284199
271993
258317
245835
228695
228620
220098
218402
216688
216640
216482
216384
211227
210855
197899
195841
183502
178274
178193
171340
167119
162709
159324
157229
153554
153253
151491
874229
855446
754029
734938
698870
606758
576271
564835
511114
416256
382323
368080
366786
358246
357512
339903
296392
285565
284199
271993
258317
245835
228695
228620
220098
218402
216688
216640
216482
216384
211227
210855
197899
195841
183502
178274
178193
171340
167119
162709
159324
157229
153554
153253
151491
896549
657340
620704
596142
591917
588518
550193
499740
430405
429840
419157
407248
390532
346918
288437
277045
270630
268893
258315
257737
246838
244419
240626
238270
235807
235259
226464
223657
219184
211726
207107
206527
203172
202391
198393
190028
187152
184500
183994
181858
175936
174688
172378
167978
165922
162768
896549
657340
620704
596142
591917
588518
550193
499740
430405
429840
419157
407248
390532
346918
288437
277045
270630
268893
258315
257737
246838
244419
240626
238270
235807
235259
226464
223657
219184
211726
207107
206527
203172
202391
198393
190028
187152
184500
183994
181858
175936
174688
172378
167978
165922
162768
896549
657340
620704
596142
591917
588518
550193
499740
430405
429840
419157
407248
390532
346918
288437
277045
270630
268893
258315
257737
246838
244419
240626
238270
235807
235259
226464
223657
219184
211726
207107
206527
203172
202391
198393
190028
187152
184500
183994
181858
175936
174688
172378
167978
165922
162768
896549
657340
620704
596142
591917
588518
550193
499740
430405
429840
419157
407248
390532
346918
288437
277045
270630
268893
258315
257737
246838
244419
240626
238270
235807
235259
226464
223657
219184
211726
207107
206527
203172
202391
198393
190028
187152
184500
183994
181858
175936
174688
172378
167978
165922
162768
641841
580192
563588
559021
549115
548062
506445
486894
455767
455324
433950
425288
379808
371960
366676
362099
316387
270889
270256
266216
260885
252579
237796
234588
226198
210800
208480
206046
203115
201571
194821
190455
189584
185151
179368
174671
171851
170347
167477
160949
159392
157312
641841
580192
563588
559021
549115
548062
506445
486894
455767
455324
433950
425288
379808
371960
366676
362099
316387
270889
270256
266216
260885
252579
237796
234588
226198
210800
208480
206046
203115
201571
194821
190455
189584
185151
179368
174671
171851
170347
167477
160949
159392
157312
641841
580192
563588
559021
549115
548062
506445
486894
455767
455324
433950
425288
379808
371960
366676
362099
316387
270889
270256
266216
260885
252579
237796
234588
226198
210800
208480
206046
203115
201571
194821
190455
189584
185151
179368
174671
171851
170347
167477
160949
159392
157312
641841
580192
563588
559021
549115
548062
506445
486894
455767
455324
433950
425288
379808
371960
366676
362099
316387
270889
270256
266216
260885
252579
237796
234588
226198
210800
208480
206046
203115
201571
194821
190455
189584
185151
179368
174671
171851
170347
167477
160949
159392
157312